ResponseId	Gender	Duration	Tromp	SleepEfficiency.criteria	SleepQualCro	SleepQualAcu	SleepQuantCro	SleepQuantAcu	Moral_DIL	Moral_SCA	Heure_TOT	Age_correct
6	2	439	1	1	18	18	8.83333333333333	8.41666666666667	17.61	39	8.91666666666667	1
7	2	510	3	1	17	17	9.25	8	40.08	31	8.95	1
8	2	381	1	1	17	17	7.35714285714286	7.5	90	37	8.95	1
9	2	772	1	1	18	19	6.91666666666667	7.41666666666667	38.77	33	8.95	1
11	2	714	1	1	18	14	9.11904761904762	10.25	67.93	37	8.96666666666667	1
12	1	764	1	1	19	19	7.25	8.08333333333333	96.03	38	9.01666666666667	1
14	1	695	1	1	17	18	9.90476190476191	6.16666666666667	52.13	33	9.03333333333333	1
15	1	442	1	1	19	18	7.29761904761905	6.41666666666667	14.79	34	9.06666666666667	1
16	2	596	1	1	15	16	7.44047619047619	7.83333333333333	7.21	38	9.05	1
18	1	820	1	1	16	18	7.13095238095238	7.41666666666667	33.36	40	9.06666666666667	1
21	2	750	1	1	18	18	8.75	8.25	2.86	33	9.08333333333333	1
24	1	283	1	1	19	20	7.76785714285714	7.5	61.88	34	9.08333333333333	1
27	2	653	1	1	15	15	7.83333333333333	7.83333333333333	80.24	32	9.1	1
29	2	507	1	1	17	18	8.25	8.16666666666667	8.01	27	9.45	1
30	2	619	1	0					37.14	30	9.13333333333333	1
32	2	474	1	1	18	19	8.79761904761905	8.66666666666667	61.06	29	9.13333333333333	1
34	2	297	1	1	18	18	7.91666666666667	8	19.56	35	9.15	1
35	1	555	1	1	18	17	7.41666666666667	7	46.5	34	9.15	1
37	2	721	1	1	16	17	6.66666666666667	8.75	44.89	34	9.15	1
38	2	706	1	1	17	17	7.76190476190476	6.96666666666667	20.61	36	9.16666666666667	1
40	2	592	1	1	16	18	8.16666666666667	8.5	69.09	31	9.16666666666667	1
42	2	481	1	1	19	16	9.34523809523809	4.91666666666667	8.61	26	9.16666666666667	1
44	2	459	1	1	13	13	7.04761904761905	7.41666666666667	13.34	33	9.18333333333333	1
45	2	494	1	1	17	15	8.63095238095238	7.5	20.89	31	9.2	1
46	1	342	4	1	17	18	9.07142857142857	7.75	22.57	29	9.2	1
47	1	537	1	1	14	17	7.30952380952381	6.91666666666667	40.05	34	9.2	1
48	2	613	1	1	16	18	7.82142857142857	7.5	56.36	38	9.21666666666667	1
49	2	700	1	1	17	17	8.52380952380952	5.75	54.86	37	17.2166666666667	1
50	2	262	1	1	14	15	9.05952380952381	8.5	21.43	37	9.21666666666667	1
51	2	621	1	1	16	18	8.03571428571429	8.75	48.92	36	9.21666666666667	1
52	2	834	1	0		9		4.75	15.42	34	9.21666666666667	1
53	1	1432	1	1	16	16	8	5.83333333333333	43.96	41	9.21666666666667	1
54	2	541	1	1	7	18	5.40476190476191	7.91666666666667	45.21	34	9.21666666666667	1
55	2	382	1	1	15	18	9.40476190476191	8.91666666666667	9.01	29	9.25	1
56	2	967	1	1	13	16	6.64285714285714	7.66666666666667	1.89	32	9.25	1
57	2	688	1	1	19	18	8.03571428571429	8.5	28.61	34	9.26666666666667	1
58	2	465	1	1	14	13	7.16666666666667	6.66666666666667	7.57	33	9.26666666666667	1
59	2	451	2	1	7	6	7.71428571428571	6.5	3.11	37	9.26666666666667	1
60	2	514	1	1	17	18	8.26190476190476	7.83333333333333	0.22	37	9.26666666666667	1
61	2	485	1	1	19	19	8.42857142857143	9	34.44	39	9.26666666666667	1
62	2	544	1	1	14	15	9.17857142857143	8.16666666666667	24.46	38	9.26666666666667	1
63	2	387	1	1	18	18	8.45238095238095	8.91666666666667	59.39	33	9.26666666666667	1
64	2	528	1	1	11	14	5.91071428571429	5.25	52.37	36	9.26666666666667	1
65	2	587	3	1	14	16	8.76190476190476	5.91666666666667	50	32	9.28333333333333	1
66	1	701	1	1	18	18	6.88095238095238	6.5	2.26	33	9.26666666666667	1
67	2	554	1	1	18	19	8.45	8	47.8	38	9.28333333333333	1
68	2	557	1	1	16	13	6.16666666666667	6.16666666666667	55.33	35	9.28333333333333	1
69	2	682	1	1	13	18	7.61309523809524	7.33333333333333	46.03	34	9.28333333333333	1
70	2	997	1	1	18	18	8.27380952380952	7.91666666666667	0	33	9.3	1
71	2	443	1	1	11	12	6.21428571428571	6.83333333333333	19.69	31	9.3	1
72	2	616	1	1	11	18	6.25	7.75	5.63	36	9.3	1
73	2	513	1	1	18	18	7.86904761904762	9.83333333333333	64.5	34	9.3	1
74	2	578	1	1	16	19	7.67857142857143	7.41666666666667	39.03	33	9.3	1
75	2	582	1	1	16	16	7.25	7	6.92	39	9.31666666666667	1
76	2	556	1	1	17	18	8.39285714285714	7.5	49.83	38	9.31666666666667	1
77	2	608	1	1	10	17	7.35714285714286	8.33333333333333	30.11	29	9.31666666666667	1
78	1	622	1	1	12	19	6.82142857142857	7.66666666666667	65.5	33	18.3166666666667	1
79	2	1078	1	1	16	18	7.79761904761905	8.16666666666667	30.34	35	9.31666666666667	1
80	2	579	1	1	15	17	6.69047619047619	7	0	34	9.31666666666667	1
81	1	932	1	1	20	19	7.5	7.83333333333333	50.99	39	9.33333333333333	1
82	1	665	1	1	12	16	7.71428571428572	10.8333333333333	2.55	33	9.35	1
83	2	691	1	1	15	15	8.11904761904762	7.9	11.27	28	10.35	1
84	2	771	1	1	13	18	9.07142857142857	9.41666666666667	100.62	38	9.35	1
85	2	695	1	1	18	18	9.27619047619048	8.66666666666667	15.91	32	9.41666666666667	1
86	1	689	1	1	17	19	6.5	7.33333333333333	46.34	36	9.35	1
87	2	855	1	1	19	19	9	8.75	45.1	35	9.03333333333333	1
88	1	1638	1	1	19	18	7.96666666666667	6.8	27.49	37	9.31666666666667	1
89	1	525	1	1	15	17	8.68214285714286	7	44.54	35	9.35	1
90	2	882	1	1	18	18	9.59523809523809	9.5	46.64	38	9.35	1
91	2	853	1	1	15	16	8.41666666666667	6.91666666666667	0	28	9.36666666666667	1
92	1	834	1	1	14	18	7.85714285714286	7.75	57.98	33	9.38333333333333	1
93	1	748	1	1	18	18	8.83333333333333	8.66666666666667	52.98	35	9.36666666666667	1
94	2	997	1	1	14	17	8.38095238095238	8.58333333333333	17.32	38	9.38333333333333	1
95	1	1083	1	1	8	18	5.67857142857143	6.25	50.69	35	9.38333333333333	1
96	2	892	1	1	15	18	7.96428571428571	8.25	23.85	34	9.4	1
97	1	891	1	1	14	18	7.83333333333333	7.5	2.09	34	9.41666666666667	1
98	2	1151	1	1	13	19	8.15476190476191	8.33333333333333	57.34	32	9.41666666666667	1
99	2	1000	1	1	17	18	10	9.5	28.74	41	9.43333333333333	1
100	2	1097	1	1	19	19	7.4047619047619	7.25	25.86	35	9.43333333333333	1
101	1	1049	1	1	17	18	8.33333333333333	7.5	52.68	38	10.45	1
102	2	1094	1	1	14	19	8.5	9.25	19.85	36	10.4666666666667	1
103	2	1092	1	1	16	18	8.44047619047619	8.91666666666667	6.4	30	9.46666666666667	1
104	1	1532	1	1	16	20	8.69642857142857	7.3	31.04	28	9.48333333333333	1
105	2	1208	1	1	14	18	8.41666666666667	9.75	26.5	36	9.48333333333333	1
106	2	1030	1	1	18	17	9.42857142857143	6.25	26.96	37	9.5	1
107	1	1281	1	1	8	13	3.92857142857143	6.83333333333333	38.4	34	9.51666666666667	1
108	2	1632	1	1	19	18	7.39285714285714	7.16666666666667	34.8	30	9.56666666666667	1
109	2	1897	1	1	17	19	6.64285714285714	8.25	46.23	38	9.6	1
110	2	647	1	1	14	17	8.94047619047619	9.25	2.18	32	9.93333333333333	1
111	2	975	1	1	17	19	6.85714285714286	7.5	19.15	32	10.0333333333333	1
114	2	425	1	1	16	18	9.57142857142857	8	51.11	37	13.0833333333333	1
115	2	512	1	1	17	18	6.575	7.5	4.15	33	13.1166666666667	1
116	1	515	1	1	15	17	7.7202380952381	4.66666666666667	63.49	41	13.1166666666667	1
117	2	545	1	1	19	19	7.78571428571429	8	51.97	42	13.1166666666667	1
118	2	551	1	1	17	18	9.63095238095238	9.08333333333333	43.2	37	13.1333333333333	1
119	2	568	1	1	16	19	9.19047619047619	8.33333333333333	0	37	13.1333333333333	1
120	2	579	1	1	19	18	7.85714285714286	7.5	6.57	33	13.1333333333333	1
121	2	617	1	1	17	17	8.94047619047619	9.16666666666667	0	33	13.15	1
123	2	898	1	1	19	20	7.29761904761905	7.16666666666667	78.79	40	13.2166666666667	1
124	1	971	1	1	16	19	8.77380952380952	8.91666666666667	45.98	36	13.25	1
125	2	1160	1	1	16	17	7.95238095238095	10.5	33.21	41	13.3	1
126	2	1128	1	1	17	19	6.54761904761905	8.75	25.15	38	13.3	1
127	2	613	1	1	15	11	7.91666666666667	2.46666666666667	28	31	13.3166666666667	1
128	2	1307	1	1	10	12	6.96428571428571	6.25	66.89	37	13.35	1
129	1	1653	1	1	18	18	7.9047619047619	7.83333333333333	5.92	36	13.4333333333333	1
