ResponseId	Gender	Duration	SleepEfficiency.criteria	SleepQualCro	SleepQualAcu	SleepQuantCro	SleepQuantAcu	Moral_DIL	Moral_SCA	Heure_TOT	Age_correct
R_AmKSf21672PQhWh	1	807	1	6	8	5.28571428571429	5	1.5	34	14.4333333333333	1
R_3ssl059hkch8248	1	1686	1	17	15	10	12.5	57.31	36	14.7166666666667	1
R_2dhkTWhvcS9oPUC	1	1092	1	18	19	9.36904761904762	8.91666666666667	39.03	38	14.85	1
R_3EXRi2JTvfFT79c	1	927	1	12	18	9.42857142857143	11	49	33	14.9833333333333	1
R_Ui5OtQyBxDkhMcN	2	1525	1	14	19	7.47142857142857	8	30	39	15.0333333333333	1
R_3MrkPwPu4Xyfywe	2	1068	1	19	18	8.21428571428571	9.5	22.41	38	15.25	1
R_pT31A3T0r6mfVnj	1	2296	1	17	18	7.23809523809524	6.41666666666667	10	28	15.3	1
R_rlqwNMNVlc32Mud	1	823	1	14	17	7.21428571428571	7	52.9	39	15.3333333333333	1
R_2qDepBV6caqkxdI	2	1330	1	19	18	8.96428571428571	10.8333333333333	8.46	31	15.3833333333333	1
1	2	2613	1	16	18	7.91190476190476	7.5	58.34	38	15.4666666666667	1
3	2	1446	1	19	19	8.93095238095238	8.73333333333333	70.89	35	15.5	1
4	2	962	1	17	18	9.63095238095238	9	19.08	33	15.6333333333333	1
5	2	821	1	16	18	9.85714285714286	9	25.68	31	15.95	1
6	2	1088	1	17	18	7.5	7.16666666666667	36.6	40	16.5333333333333	1
7	2	764	1	16	11	8.47619047619048	5.5	19.6	31	16.5333333333333	1
8	1	661	1	18	19	7.96666666666667	10.75	42.66	37	16.55	1
9	1	1295	1	18	19	8.82142857142857	8.5	29.85	33	17.0333333333333	1
10	2	1195	1	17	18	8.72619047619048	8.75	7.46	27	17.4666666666667	1
13	2	1216	1	16	15	8.85714285714286	6.75	28.26	31	17.8166666666667	1
14	1	1625	1	18	18	8.40476190476191	8.41666666666667	71.76	31	18.1333333333333	1
15	2	375	1	10	8	7.71428571428571	3.5	51.44	28	18.9666666666667	1
16	1	1917	1	17	19	6.70238095238095	7.33333333333333	50.1	39	19.35	1
17	2	1144	1	15	18	6.9047619047619	8.5	26.49	35	19.8166666666667	1
18		169						56.25	31		1
19	2	488	1	18	16	8.29047619047619	6.96666666666667	55.02	38	20.15	1
20	1	718	1	16	16	8.54761904761905	10	41.53	39	20.1666666666667	1
21	1	958	1	17	19	7.95238095238095	8.83333333333333	63.47	37	20.1833333333333	1
22	2	1011	1	20	19	8	7	9.65	31	20.3333333333333	1
23	2	741	1	13	19	9.02380952380953	9.83333333333333	47.59	35	20.4333333333333	1
24	2	670	1	16	18	7.71428571428571	6	80.58	41	20.5333333333333	1
25	2	1180	1	14	18	9.66666666666667	10.9833333333333	34.89	37	21.0333333333333	1
26	2	721	1	16	19	7.22619047619048	10.75	70.14	33	21.1166666666667	1
27	2	606	1	19	18	8.92857142857143	9	26.01	42	21.1333333333333	1
28	2	809	1	15	17	7.58928571428571	7.75	50.49	42	21.2666666666667	1
29	2	1498	1	18	18	8.16666666666667	9	10.08	36	21.2833333333333	1
30	2	1166	1	14	18	7.25	9.5	5.18	38	21.35	1
31	1	997	1	12	17	6.21428571428571	8.16666666666667	100	36	21.3666666666667	1
32	2	3802	1	19	17	7.55476190476191	5.13333333333333	19.46	37	21.7166666666667	1
33	2	1305	1	14	17	7	7.83333333333334	31.48	34	20.8333333333333	1
34	2	1322	1	16	16	8.03571428571429	6.58333333333333	2.22	27	21.8833333333333	1
35	1	949	1	13	15	10.1904761904762	9	65.83	36	22.0833333333333	1
36	2	912	1	13	12	10.7142857142857	4.41666666666667	50.33	35	1.11666666666667	1
37	2	743	1	18	18	7.28571428571429	8.5	55.63	38	22.2833333333333	1
38	2	21060	1	16	18	8.52142857142857	7	35.51	35	22.35	1
40	2	2569	1	19	18	8.05952380952381	5.16666666666667	28.77	37	22.4666666666667	1
41	1	1179	1	8	17	8.85714285714286	13	56.02	37	22.5	1
42	2	670	1	15	17	7.95238095238095	10.7	57.1	32	22.6833333333333	1
43	2	1283	1	15	16	8.45238095238095	9.75	31.25	36	22.7333333333333	1
44	2	1016	1	7	17	7.57142857142857	10.8333333333333	42.26	35	1.33333333333333	1
45	2	2398	1	12	15	4.35714285714286	4.75	69.77	40	1.4	1
47	1	1236	1	19	18	8.83333333333333	6.91666666666667	44.61	37	7.16666666666667	1
48	2	637	1	18	18	8.91666666666667	8.33333333333333	30.29	39	8.71666666666667	1
49	2	913	1	17	19	8.28571428571429	7.5	56.78	37	9.33333333333333	1
50	2	910	1	16	19	5.07142857142857	8	64.28	35	10.3166666666667	1
51	2	1043	1	18	19	9.55952380952381	7.98333333333333	21.17	44	10.8333333333333	1
52	2	776	1	19	16	8.85714285714286	7.25	45.24	41	10.9666666666667	1
53	1	780	1	15	18	6.91666666666667	7.58333333333333	44.55	31	11.1166666666667	1
54	2	987	1	18	18	7.65357142857143	7.5	71.21	42	13.5333333333333	1
56	2	65463	1	17	17	8.85952380952381	8.33333333333333	94.36	42	14.5166666666667	1
57	2	836	1	8	7	6.39285714285714	4.83333333333333	0	35	14.65	1
58	2	851	1	15	17	8.92857142857143	11.9666666666667	29.45	40	15.0166666666667	1
60	2	955	1	15	19	5.20238095238095	8.33333333333333	0.43	35	15.6	1
61	2	1003	1	15	18	7.83333333333333	11.25	51.38	38	16.35	1
62	2	1022	1	16	16	8.71428571428571	7	58.74	41	16.4166666666667	1
63	2	866	1	16	20	10.5714285714286	8.5	50	30	17.4166666666667	1
66	1	1003	1	12	17	9.55476190476191	9.46666666666667	40	40	17.9166666666667	1
67	1	1642	1	19	19	8.33333333333333	7.83333333333333	57.57	42	18.1	1
68	2	679	1	18	17	7.19047619047619	5.5	69.79	41	18.2833333333333	1
70	1	1578	1	16	18	8.8452380952381	9.5	100	35	18.5666666666667	1
71	1	5483	1	10	17	4.63095238095238	6	92.55	46	18.9166666666667	1
72	1	2735	1	18	17	7.10714285714286	6.75	89.45	43	19.0333333333333	1
73	1	1910	1	19	19	10	8	43.11	34	19.2833333333333	1
74	2	2714	1	15	18	9.52142857142857	8.75	48.57	39	19.5	1
75	1	839	1	13	17	8.60714285714286	11.5	47.68	27	19.5833333333333	1
76	1	1289	1	16	18	9.46428571428571	9.33333333333333	59.81	42	20.0833333333333	1
77	2	1036	1	17	18	9.82142857142857	7.5	35.87	43	20.3666666666667	1
78	1	810	1	17	17	6.5	7	56.58	33	20.4666666666667	1
79	2	752	1	16	19	9.02380952380952	8.41666666666667	45.96	34	20.8833333333333	1
80	2	1016	1	18	18	9.38333333333333	8.5	59.18	41	20.9166666666667	1
81	1	4503	1	19	17	7.64285714285714	7	12.53	41	21.2333333333333	1
82	2	1164	1	16	18	9.53571428571429	10.3333333333333	21.69	40	21.2666666666667	1
83	2	1084	1	18	17	7.97619047619048	11.5	11.23	39	21.2833333333333	1
84	1	20379	1	17	17	6	6	70	42	21.5666666666667	1
85	2	3003	1	17	18	9.04761904761905	9	48.34	40	22.55	1
86	2	1148	1	18	19	9.05952380952381	9.41666666666667	64.98	40	0.183333333333333	1
87	2	1274	1	16	19	7.98333333333333	7.21666666666667	58.91	39	9.15	1
89	2	1212	1	18	19	8.54761904761905	8.91666666666667	60	40	11.15	1
90	1	1057	1	17	14	8.83333333333333	8.75	72.07	44	11.2833333333333	1
91	2	1721	1	12	16	8.26190476190476	6.83333333333333	42.91	36	11.35	1
92	2	727	1	11	18	9.10714285714286	8.91666666666667	41.5	41	11.65	1
94	1	6963	1	18	18	9.0547619047619	7.5	3.87	34	13.5833333333333	1
95	1	929	1	19	18	8.21150793650794	8	1.46	44	17.3833333333333	1
96	1	1092	1	17	19	9.00238095238095	8.25	42.94	31	0.85	1
97	2	945	1	16	16	9.46666666666667	7	35.92	37	12.3666666666667	1
100	1	1253	1	16	17	6.42857142857143	8.5	36.44	30	8.81666666666667	1
101	2	772	1	16	18	8.02380952380952	7.75	70	34	11.4333333333333	1
102	2	1603	1	18	18	7.98809523809524	6.16666666666667	29.99	37	16.8	1
103	1	571	1	17	19	7.86904761904762	7.25	37.22	35	17.85	1
104		367						56.02	31		1
110		440						17.48			1
112		661						34.39	33		1
117		444						49.61			1
118		1281						57.58	31		1
130		160						55.49			1
142		326						1.47			1
149		211						7.07	33		1
150		1277		16		11.4880952380952		52.58	34		1
157		178						55.51			1
162		258556						86.01			1
163		1264		18		9.60714285714286		10.18	32		1
164		1183						28.26	41		1
167	2	836	1	18	19	8.19047619047619	8.91666666666667	35.52	33	23.5166666666667	1
168	2	1163	1	15	12	7.91666666666667	4.25	45.56	45	23.6	1
170	2	839	1	10	19	7.46428571428571	14	60.08	39	1.03333333333333	1
171	2	1986	1	12	18	10.5714285714286	11.5	59.65	40	1.05	1
173	2	1504	1	16	16	8.21428571428571	5	44.67	39	8.98333333333333	1
178		278						15.09	32		1
181	1	1123	1	12	18	7.86904761904762	7.41666666666667	27.63	39	19.2833333333333	1
185	2	838	1	18	18	7.96428571428571	7	10	25	13.7833333333333	1
187		1789						56.54			1
193	2	568226	1	15	18	9.64285714285714	9	17.69	39	21.6	1
