ResponseId	Gender	Tromp	Duration	SleepQualCro	SleepQualAcu	SleepQuantCro	SleepQuantAcu	Moral_SCA	AOT_TOT	AOT8_EN_1	AOT8_EN_2	AOT8_EN_3	AOT8_EN_4R	AOT8_EN_5R	AOT8_EN_6R	AOT8_EN_7R	AOT8_EN_8	Narc_TOT	Mach_TOT	Psych_TOT	CRT_TOT	Num_TOT	Heure_TOT	Age_correct
2	1	2	165	5	4	8	8	33	23	1	2	2	4	4	4	4	2	18	20	18	4	3	12	1
3	2	2	214	5	6	8	9	31	24	3	2	3	3	3	4	3	3	25	26	30	6	1	12.25	1
4	1	2	180	0	2	7	4	28	26	4	4	5	4	2	1	2	4	14	39	21	2	0	12.25	1
5	1	2	261	9	9	9	9	28	32	5	5	5	5	1	1	5	5	37	24	10	6	3	11.2666666666667	1
6	2	2	280	8	8	8	9	33	24	4	5	4	3	2	1	2	3	31	38	28	0	0	9.26666666666667	1
7	1	2	267	3	3	6	6	41	33	4	4	4	5	3	4	5	4	18	23	18	6	2	12	1
8	2	2	298	5	5	7	7	33	29	4	4	3	5	3	4	4	2	12	25	14	5	3	11.2833333333333	1
9	2	2	318	8	10	7	7	40	39	4	5	5	5	5	5	5	5	18	40	13	7	3	12.2833333333333	1
10	1	2	388	4	5	6	7	29	25	3	4	4	2	3	3	2	4	28	25	25	6	2	11	1
11	1	2	365	9	9	8	8	35	40	5	5	5	5	5	5	5	5	16	9	15	7	3	11.3	1
13	2	2	405	9	9	8	8	33	30	2	4	4	4	4	4	4	4	19	23	13	6	2	12	1
14	1	2	442	7	9	7	7	33	23	3	5	4	1	2	1	3	4	22	33	37	0	3	12.3166666666667	1
15	2	2	333	5	6	6	6	38	32	4	4	4	5	3	4	4	4	20	27	16	5	3	9.33333333333333	1
16	1	4	264	9	9	5	5	29	26	4	3	5	2	3	4	1	4	28	36	32	1	1	9.15	1
17	1	2	430	3	4	6	6	35	37	3	5	5	5	5	5	5	4	13	24	15	6	3	9.33333333333333	1
18	1	2	445	8	9	7	7	27	39	5	5	5	5	5	5	5	4	19	26	22	7	3	10.3333333333333	1
19	2	2	498	5	7	7	7	46	30	4	3	5	5	2	1	5	5	17	32	11	2	0	11.3333333333333	1
20	1	2	164	6	7	8	9	35	24	2	2	2	5	4	3	4	2	36	38	31	6	3	12.3333333333333	1
22	1	2	540	5	6	7	7	31	25	4	4	3	4	2	3	3	2	31	26	25	4	3	12.35	1
23	2	2	339	8	10	6	7	39	27	1	4	4	5	4	3	5	1	21	9	9	4	0	12.35	1
24	1	2	570	7	8	8	8	32	36	3	5	5	5	4	4	5	5	19	32	13	7	2	11.35	1
25	1	2	439	7	6	7	6	40	31	3	5	4	4	3	5	4	3	28	30	17	5	2	9.35	1
26	1	2	150	10	10	8	8	29	26	5	4	5	1	2	1	3	5	33	35	32	4	1	9	1
27	1	2	338	8	7	8	8	30	26	4	3	5	2	4	1	3	4	27	31	26	1	0	9.36666666666667	1
28	2	2	510	8	9	7	8	47	37	4	5	5	5	5	4	5	4	11	18	12	4	3	12.3666666666667	1
29	1	2	172	6	6	6	6	32	31	5	4	5	5	2	3	3	4	28	37	33	2	2	11	1
31	1	2	765	8	7	5	5	35	27	5	3	5	4	2	2	3	3	34	33	19	0	1	10.4	1
32	2	2	291	8	8	7	7	31	24	3	4	4	1	3	2	2	5	30	37	30	2	0	9.33333333333333	1
33	2	2	361	7	8	8	8	42	34	4	5	5	5	3	4	4	4	27	30	22	1	1	9.43333333333333	1
34	2	3	704	7	8	8	8	34		4	4		2	2	3	2	5	35	35	36	0	0	9.43333333333333	1
35	1	2	372	7	8	6	5	33	25	4	5	3	3	2	1	3	4	32	32	32	2	0	12.4333333333333	1
36	1	2	116	0	0	0	0	34	24	1	1	1	5	5	5	5	1	21	9	17	1	0	12.45	1
37	1	2	384	7	7	8	8	39	35	3	5	5	5	4	5	5	3	10	19	14	1	3	12.4666666666667	1
38	2	2	383	7	8	7	8	36	35	4	5	5	5	3	4	5	4	15	18	17	4	3	12.5	1
39	2	2	254	2	6	6	6	19	35	4	5	5	5	5	5	5	1	13	15	15	7	2	12	1
40	1	2	217	8	6	8	8	31	24	3	3	3	3	3	3	3	3	27	27	27	1	3	12.5	1
41	2	2	511	7	8	7	7	37	31	4	3	4	5	4	4	4	3	15	25	15	7	2	11.5	1
42	2	2	323	8	9	7	6	38	29	3	5	4	5	2	3	4	3	17	33	13	7	3	11.5	1
43	1	2	357	9	10	8	8	39	25	4	1	4	5	2	1	5	3	18	9	23	6	1	10	1
45	2	2	495	5	8	5	8	31	30	1	5	4	4	4	4	5	3	18	27	23	4	1	9.51666666666667	1
46	2	2	348	8	7	8	7	33	24	3	4	5	2	3	2	2	3	33	38	32	0	0	10	1
47	1	2	369	4	6	7	7	31	25	4	5	4	2	3	2	1	4	29	38	30	1	1	12.5666666666667	1
48	1	2	519	6	4	6	5	32	26	4	3	3	4	3	2	4	3	34	26	23	1	3	12.6666666666667	1
49	1	2	1093	7	8	8	8	38	28	5	4	4	5	3	1	2	4	36	31	31	2	3	11.5833333333333	1
50	2	2	406	8	6	8	7	36	27	4	3	4	3	3	4	3	3	23	29	25	3	3	9.6	1
51	2	2	387	5	3	5	4	33	22	2	4	3	3	2	2	4	2	14	28	13	0	1	11.6166666666667	1
52	1	2	707	3	3	6	6	31	27	4	5	4	3	2	3	2	4	28	39	32	4	2	12.6333333333333	1
53	1	2	673	6	8	7	7	40	37	4	4	5	5	5	5	5	4	15	25	22	5	1	12.65	1
54	2	2	438	6	4	6	5	39	33	4	5	5	5	3	3	4	4	16	25	27	6	3	9.65	1
55	1	2	631	8	10	6	8	34	30	3	5	4	4	3	3	5	3	33	32	24	6	3	12.65	1
56	1	2	790	7	6	8	8	30	25	4	3	3	4	2	3	3	3	29	26	24	1	1	12.6666666666667	1
57	2	2	364	3	4	6	4	34	24	4	3	3	2	3	2	3	4	19	24	10	5	1	12.6833333333333	1
58	2	2	1082	7	7	7	7	33	24	3	3	3	3	3	3	3	3	27	27	27	7	3	12.6833333333333	1
59	1	2	1544	8	10	8	7	39	30	4	4	4	4	3	3	4	4	21	22	20	7	3	11.7166666666667	1
60	2	3	418	6	3	5	5	32	24	3	3	4	4	3	2	3	2	29	27	30	0	2	12.7166666666667	1
61	2	2	478	9	9	8	8	39	22	1	3	4	3	2	3	3	3	29	31	15	3	3	12.7166666666667	1
62	1	2	335	9	8	8	7	29	23	4	5	3	2	3	1	2	3	33	35	27	2	0	11.7333333333333	1
63	1	2	836	6	7	6	6	28	22	4	5	4	1	2	1	1	4	33	39	34	0	1	12.7333333333333	1
64	2	2	426	4	4	8	8	36	36	5	4	4	5	4	4	5	5	27	20	30	6	0	11	1
65	2	2	431	8	6	8	7	32	29	4	4	4	4	4	3	4	2	21	29	25	6	3	12.75	1
66	1	2	530	8	9	8	8	40	26	3	3	3	4	2	3	4	4	20	27	22	2	3	11.75	1
67	1	2	347	4	5	6	7	36	37	3	5	5	5	4	5	5	5	16	21	20	6	3	12.75	1
68	1	2	231	9	9	8	8	32	39	5	5	5	5	4	5	5	5	23	31	11	6	3	9.76666666666667	1
69	1	2	415	6	6	6	6	31	22	3	2	4	3	2	1	3	4	30	36	36	5	3	11.3333333333333	1
70	2	5	1377	8	7	8	8	29	22	4	3	4	3	2	1	2	3	30	34	31	1	1	12.8333333333333	1
71	1	2	248	10	10	8	8	36	39	5	5	5	5	4	5	5	5	17	16	12	7	3	12.85	1
72	1	2	638	8	8	8	7	29	21	4	5	3	2	2	1	2	2	26	33	36	4	2	12.85	1
73	2	5	295	8	6	6	8	31	21	4	2	5	2	3	1	2	2	35	31	31	1	0	12	1
74	2	2	746	8	8	7	7	32	23	3	5	4	1	2	1	3	4	34	39	34	0	0	11.8833333333333	1
75	1	2	252	8	10	8	7	34	23	3	2	3	5	2	2	3	3	9	18	9	2	0	12.9	1
76	1	2	386	8	8	6	6	32	32	3	4	4	4	5	4	4	4	27	32	21	7	3	9.9	1
77	1	2	426	8	8	6	6	38	27	3	3	4	4	3	3	3	4	23	38	22	2	3	12.9166666666667	1
78	2	2	566	7	8	8	8	29	25	3	4	4	3	3	1	4	3	27	29	26	5	2	9.95	1
79	1	2	347	8	8	7	7	27	23	4	3	5	2	3	1	1	4	32	38	33	4	3	12.95	1
80	1	2	665	7	10	8	8	37	40	5	5	5	5	5	5	5	5	15	17	12	7	3	13.0333333333333	1
81	1	2	534	6	7	7	7	40	37	4	5	5	5	3	5	5	5	27	33	18	1	3	11.25	1
82	2	2	331	3	4	6	6	38	36	1	5	5	5	5	5	5	5	9	35	10	7	3	13.0833333333333	1
83	2	2	811	5	7	4	4	32	25	2	5	4	2	3	2	3	4	31	36	30	2	2	13.0833333333333	1
84	2	2	328	10	10	8	9	33	17	1	2	3	4	1	1	2	3	20	19	22	1	2	12	1
85	1	2	1174	6	8	7	7	32	24	4	5	4	1	2	1	2	5	32	39	32	2	3	10	1
86	1	2	277	6	6	6	6	31	23	4	3	2	4	3	2	2	3	25	31	29	1	3	12	1
87	1	2	358	8	8	6	6	34	25	5	4	5	4	1	2	1	3	28	34	36	1	0	13.15	1
88	2	2	475	3	2	6	6	36	38	4	5	5	4	5	5	5	5	19	37	17	7	3	10.2166666666667	1
89	1	2	510	6	9	6	7	33	25	3	5	4	2	3	4	1	3	29	31	33	1	1	13	1
90	1	2	724	3	4	7	8	33	37	5	5	5	5	3	5	5	4	11	24	14	6	3	13.3166666666667	1
91	1	2	368	8	7	8	7	40	24	4	5	4	4	1	2	1	3	31	37	37	1	0	10.3	1
92	1	2	450	5	3	7	6	38	34	3	5	5	5	4	4	5	3	17	23	18	6	3	13.3333333333333	1
93	2	2	2940	7	7	7	4	35	26	3	4	5	2	2	3	2	5	31	35	34	0	1	12.7833333333333	1
94	1	2	362	0	1	6	6	32	23	3	3	3	2	3	3	2	4	26	30	28	3	3	12	1
95	1	3	235	8	10	7	8	33	25	1	4	3	1	4	3	5	4	27	26	26	6	2	12.3833333333333	1
96	1	2	488	0	5	6	8	32	30	4	4	4	5	3	4	3	3	23	29	23	6	3	12.3833333333333	1
97	1	2	665	6	6	8	8	38	29	3	4	4	4	4	3	4	3	19	23	23	6	3	13.4	1
98	2	2	202	6	6	8	7	33	23	2	4	3	3	2	2	3	4	31	28	28	0	2	12.4333333333333	1
99	2	2	1027	7	8	8	7	44	31	4	4	4	4	3	4	4	4	23	25	20	7	3	13	1
100	1	2	427	7	8	8	9	29	22	4	3	5	2	2	3	1	2	30	37	33	0	2	10.45	1
101	2	2	382	7	3	7	6	33	34	3	5	5	5	4	4	5	3	13	31	15	7	3	12.5	1
102	2	4	1292	3	3	7	3	27	22	2	5	2	2	2	3	1	5	30	27	30	2	0	13	1
103	1	2	826	6	8	6	6	35	27	3	3	4	3	3	4	4	3	16	28	18	6	3	13.5666666666667	1
104	1	2	311	8	7	7	7	31	24	3	5	4	1	1	3	2	5	31	39	33	4	3	10.6333333333333	1
105	1	2	1037	8	9	8	6	32	24	4	5	4	1	1	2	2	5	31	40	33	0	1		1
106	1	2	919	4	4	6	5	33	31	3	4	4	4	4	4	5	3	24	31	26	5	3	10.7	1
107	1	2	307	7	8	8	8	32	27	2	4	4	4	4	3	4	2	25	30	22	5	3	10.7	1
108	1	2	468	8	8	7	7	32	25	4	3	5	2	3	1	2	5	29	37	34	0	0	12.7666666666667	1
109	2	2	848	3	1	5	6	30	23	2	3	3	5	2	2	4	2	18	20	10	2	2	10.9	1
110	2	2	1003	7	7	8	8	31	22	5	3	4	2	1	2	1	4	32	37	37	1	2	3	1
111	2	2	614	4	6	7	8	38	35	3	4	5	5	5	5	5	3	10	28	17	7	3	12.2	1
112	2	2	10548	9	8	8	8	28	21	1	1	5	5	2	3	2	2	27	22	27	2	0	13.0333333333333	1
113	1	2	531	6	6	7	6	37	39	5	5	5	5	4	5	5	5	15	23	11	7	2	12.9666666666667	1
115	1	2	204	10	10	8	8	32	34	4	4	4	5	5	4	4	4	35	16	19	2	2	11.8666666666667	1
116	1	2	454	8	7	7	6	33	28	2	4	4	4	4	2	4	4	29	26	22	5	1	11.0333333333333	1
117		2	162	5	5	7	7	42										9	15	13				1
118			81	6	7	7	7	34																1
121	1	3	403	7	8	6	6	31	21	4	2	4	2	3	2	1	3	30	35	32	3	0		1
123	1	2	777	4	6	7	6	39	29	3	4	4	4	3	4	4	3	33	23	24	3	1		1
124		2	1877	6	5	5	2	31										29	34	33	3			1
