ResponseId	Gender	Tromp	Duration	SleepQualCro	SleepQualAcu	SleepQuantCro	SleepQuantAcu	Moral_DIL	Submarine_1	Trespassers_1	Hostages_1	Liferaft_1	PlaneCrash_1	PrisWar_1	Spelunkers_1	Soldier_1	Surgery_1	Footbridge_1	Cryingbaby_1	AOT8_EN_1	AOT8_EN_2	AOT8_EN_3	AOT8_EN_4R	AOT8_EN_5R	AOT8_EN_6R	AOT8_EN_7R	AOT8_EN_8	AOT_TOT	Narc_TOT	Mach_TOT	Psych_TOT	CRT_TOT	Num_TOT	Heure_TOT	Age_correct
1	2	2	228	8	10	7	8	50	0	0	10	10	0	10	0	10	10	0	0	5	5	5	5	1	1	5	5	32	25	9	13	0	1	10.9666666666667	1
2	2	2	264	7	8	7	7	82.01	10	8.66	7.8	8.97	7.59	8.93	7.43	7.61	3.91	5.47	5.64	5	5	5	5	3	4	5	5	37	16	23	11	6	3	12	1
3	2	2	292	5	4	8	8	73.22	10	3.25	3.11	10	4.26	3.77	7.08	6.56	7.02	8.17	10	4	5	5	5	5	5	5	5	39	20	33	21	7	3	11.9833333333333	1
4	2	2	348	3	6	4	5	86.99	7.67	7.31	9.57	9.47	4.17	9.03	8.17	10	6.51	8.44	6.65	3	5	5	5	5	4	5	2	34	18	26	23	7	3	9.01666666666667	1
5	2	2	293	9	10	2	2	103.32	9.47	9.16	9.44	9.94	9.59	9.42	9.57	9.59	9.07	9.14	8.93	5	4	4	1	1	2	3	5	25	32	37	31	1	0	9	1
7	2	2	132	3	4	8	6	68.39	8.13	10	10	1.77	9.07	9.65	9.57	0	0	5.1	5.1	3	3	3	3	4	4	4	2	26	10	22	13	1	0	12.0166666666667	1
8	1	2	133	4	2	6	5	52.21	7.26	2.24	6.72	2.33	7.84	5.05	2.55	7.61	0.67	2.43	7.51	4	2	3	4	2	3	1	3	22	31	30	23	6	1	11	1
9	1	2	234	7	8	7	7	35.5	3.11	3.42	3.02	3.66	0.99	3.74	3.21	6.4	3.44	2.47	2.04	4	3	3	4	3	3	2	3	25	24	32	21	5	3	12.0166666666667	1
10	1	2	395	3	7	5	6	51.87	8.74	0	0	10	2.35	10	7.94	7.78	0	0	5.06	3	4	5	5	4	3	4	4	32	24	37	25	5	2	9.01666666666667	1
15	1	2	343	7	8	7	7	95.26	10	10	10	9.47	1.58	9.18	8.46	8.48	8.77	9.32	10	4	5	5	5	5	5	5	2	36	25	38	21	0	2	9.03333333333333	1
16	1	2	532	7	8	7	7	62.73	1.44	7.45	7.59	4.07	7.65	8.09	8.15	8.27	1.21	3.81	5	4	5	4	5	4	4	5	4	35	26	30	22	7	3	12.05	1
17	1	2	231	8	8	8	8	4.88	0	0	0	0	0	4.88	0	0	0	0	0	3	5	5	3	5	5	5	4	35	16	17	15	7	2	12.05	1
18	2	2	339	3	5	5	5	2.01	0.02	0.25	0.14	0.02	0	0	0.45	1.05	0	0.08	0	4	5	4	5	4	4	5	4	35	22	26	17	7	2	12.0666666666667	1
19	1	2	658	8	8	8	8	10.02	0	0	0	0	0	0.02	0	0	10	0	0	4	5	4	4	4	2	3	3	29	30	34	22	1	2	12.0833333333333	1
20	1	2	640	8	7	8	7	50.47	7.61	2.14	1.36	8.23	7.53	1.89	7.04	2.49	0.99	2.1	9.09	5	5	5	5	5	5	5	4	39	20	22	16	7	3	9.06666666666667	1
21	2	2	266	10	10	8	9	6.85	0.08	0.35	0.64	1.09	1.21	0.56	0.95	0.78	0.43	0.25	0.51	5	5	5	5	2	1	5	5	33	28	24	12	7	3	11	1
22	2	2	447	3	6	7	8	42.85	3.56	5.1	4.36	5.8	0	4.42	5.99	6.26	0	2.26	5.1	3	4	3	5	2	3	3	3	26	25	26	20	2	2	9	1
23	1	3	361	5	7	7	9	41.43	2.16	1.95	1.91	7.8	1.17	6.4	6.95	7.35	3.05	2.2	0.49	1	4	4	5	4	4	5	4	31	13	24	19	7	2	12	1
24	1	2	652	5	6	8	8	68.6	8.15	7.22	3.27	7.18	1.81	10	2.35	10	7.7	2.57	8.35	4	5	2	1	3	3	1	3	22	27	28	27	2	1	9	1
25	1	2	246	5	5	6	6	80	10	10	10	10	0	10	10	10	0	0	10	4	5	5	5	1	3	5	5	33	27	34	22	7	2	9.11666666666667	1
26	2	2	396	7	7	7	6	48.1	4.32	4.22	4.16	6.15	2.9	5.14	5.66	6.23	1.21	1.79	6.32	4	5	4	5	3	4	5	5	35	14	15	11	7	3	12.1166666666667	1
27	1	4	308	5	5	8	8	85.81	7.9	8.46	7.45	4.07	8.74	9.24	8.02	3.97	10	10	7.96	4	5	4	2	2	3	2	4	26	31	38	31	5	2	11	1
29	1	2	443	7	7	7	7	30	10	0	0	10	0	0	0	10	0	0	0	5	4	4	5	5	5	5	5	38	9	9	13	7	3	12.1333333333333	1
30	1	2	747	5	7	8	8	0	0	0	0	0	0	0	0	0	0	0	0	2	3	3	3	3	2	3	3	22	13	25	16	7	3	11.1333333333333	1
31	1	2	382	9	8	5	7	94.4	7.11	9.77	8.89	9.75	0	10	9.86	9.75	9.77	9.77	9.73	1	3	3	2	5	4	2	4	24	31	30	29	1	0	11	1
32	2	2	688	8	9	7	8	12.69	0	0	0	1.13	0	0	4.73	6.83	0	0	0	2	4	5	5	2	3	5	1	27	19	19	20	7	3	10.1666666666667	1
33	1	2	301	7	9	6	7	70.27	7.33	10	10	7.57	0.72	10	5.47	10	0	8.05	1.13	2	2	3	5	2	3	5	4	26	11	25	23	3	3	12.1666666666667	1
34	1	2	398	8	7	9	9	42.02	7.59	4.71	6.32	4.14	0	10	3.05	6.21	0	0	0	3	5	5	5	3	5	5	4	35	18	23	18	3	3	12	1
35	1	2	1019	5	4	6	5	84.62	8.91	7.53	8.6	10	3.58	7	6.3	8.99	7.1	7.37	9.24	3	4	4	4	3	3	4	4	29	22	30	24	1	1	11.2333333333333	1
39	1	2	416	8	9	7	6	24.67	3.5	0	0.06	3.97	3.13	1.3	0.86	3.48	2.98	3.27	2.12	3	4	4	3	4	2	3	4	27	25	31	22	4	2	11.1833333333333	1
40	1	2	354	8	9	7	7	82.36	9.24	9.44	9.16	9.22	0.51	9.26	9.28	8.5	8.19	9.03	0.53	4	4	4	4	2	4	4	3	29	31	29	21	5	2	12.2	1
41	1	2	1096	7	7	7	7	66.92	7.43	5.04	6.19	7.63	5.08	4.01	7.35	6.81	4.98	5.12	7.28	4	5	5	5	5	5	5	1	35	18	19	18	7	2	11.2	1
44	1	2	627	8	8	8	8	110	10	10	10	10	10	10	10	10	10	10	10	4	4	4	5	4	5	4	4	34	28	24	18	7	3	12.25	1
45	2	2	468	7	7	6	6	17.29	0.64	0.68	0	0.93	0	0.14	6.01	8.89	0	0	0	4	4	4	5	5	5	5	3	35	17	22	18	7	2	12.2166666666667	1
46	2	2	339	7	8	8	8	40.41	2.43	3.68	4.86	4.18	2.12	5.16	3.74	5.62	3.02	3.09	2.51	4	5	4	4	4	4	5	4	34	18	29	18	6	2	11.2333333333333	1
47	1	2	1163	7	7	7	7	32.84	10	0	0	10	0	0	10	0	2.04	0.8	0	3	5	4	5	2	3	5	5	32	34	18	11	2	3	12	1
48	2	2	295	8	7	8	7	33.92	1.42	0.31	8.74	1.46	1.15	7.84	1.46	1.19	7.86	2.49	0	1	2	3	2	1	5	4	1	19	35	23	22	0	1	12	1
49	2	2	583	5	2	8	7	55.96	7.39	0.64	0.23	9.14	0	8.6	9.26	9.24	2.24	8.42	0.8	4	4	3	3	5	3	4	3	29	9	18	10	6	3	12.2333333333333	1
50	1	2	429	10	10	8	9	28.19	7.16	0	0	7.86	0	0.25	0	7.82	0	0	5.1	4	5	5	5	3	5	5	5	37	24	31	24	5	3	11.2333333333333	1
51	2	2	1101	3	0	5	3	14.96	0	0	0.1	0.1	0	6.93	6.6	0	0	0	1.23	3	4	4	5	2	4	4	2	28	15	24	13	5	2	11.2666666666667	1
52	1	2	520	2	0	6	4	70.24	7.49	9.2	6.13	8.17	1.81	9.34	7.65	9.12	0.86	3.93	6.54	5	4	5	5	4	4	5	5	37	16	22	16	6	2	12.2833333333333	1
53	1	2	1270	8	8	6	5	68.54	6.28	2.06	8.11	10	7.28	2.47	10	3.42	8.11	2.7	8.11	3	4	4	5	3	4	1	3	27	26	33	32	3	2	12	1
54	2	2	1351	7	8	7	7	71.45	10	5.1	4.03	8.74	0	6.87	8.81	8.97	2.35	7.28	9.3	2	4	4	5	3	2	5	3	28	23	23	11	1	2	12.25	1
55	2	2	454	4	7	8	8	86.57	10	8.25	9.4	10	2.65	9.34	9.2	9.07	8.13	9.32	1.21	4	4	3	5	2	2	4	4	28	28	31	17	4	1	11	1
56	2	2	878	6	5	6	6	40.08	0	10	10	0.02	0	10	9.9	0.06	0	0.1	0	5	5	4	5	2	3	3	4	31	15	24	15	3	3	10.3	1
57	2	2	827	6	7	7	6	3.08	0	0	0	0	0	1.21	0.29	1.23	0	0.31	0.04	3	4	3	5	3	4	5	4	31	26	24	14	3	1	11.3333333333333	1
59	1	2	487	1	0	6	6	13.99	2.67	1.01	1.63	1.83	0	1.4	2.26	2.8	0	0.39	0	4	4	4	4	1	4	4	4	29	39	29	26	6	2	12.3333333333333	1
60	2	2	463	2	6	9	9	59.52	6.98	7.59	6.81	6.75	1.52	6.93	4.67	7.06	2.76	3.33	5.12	4	5	5	5	4	5	5	4	37	9	16	16	7	2	12.3833333333333	1
61	2	2	966	3	5	6	6	26.58	1.3	2.49	2.37	3.77	4.47	4.2	3.81	4.03	0.06	0	0.08	2	3	3	4	2	3	3	3	23	22	17	13	3	1	12.3833333333333	1
62	2	2	836	7	5	6	5	1.71	0	0.02	0	0.08	0	0	1.38	0.23	0	0	0	4	4	4	5	3	4	5	4	33	22	25	18	6	3	11.4	1
63	2	2	1780	10	10	8	7	108.2	8.4	10	10	9.86	10	10	10	10	10	9.94	10	5	4	3	1	2	3	2	5	25	31	41	32	0	1	9.4	1
64	1	2	607	7	7	7	7	15.16	2.14	1.15	1.3	1.34	1.5	1.23	0.78	1.07	1.5	1.38	1.77	3	4	3	4	3	3	4	4	28	24	22	19	6	2	12.4333333333333	1
65	1	2	457	7	8	6	7	21.66	1.52	0	0.64	1.91	0	6.36	1.98	6.91	0	0.49	1.85	4	5	5	5	3	5	5	4	36	16	32	13	6	3	12.45	1
66	1	2	417	8	3	8	4	35.82	0.53	0	0	7.41	0	7.12	3.35	9.22	0	0	8.19	4	4	4	4	2	2	4	4	28	22	26	16	5	3	10.45	1
67	1	2	636	10	10	7	7	0	0	0	0	0	0	0	0	0	0	0	0	5	5	5	5	3	3	5	5	36	29	27	13	7	3	12.5	1
68	1	2	507	3	3	6	6	71.98	9.51	0.7	8.23	9.59	6.52	8.31	0.41	9.22	0	9.49	10	5	5	5	5	4	5	5	5	39	9	30	10	7	3	12.05	1
69	1	2	351	8	7	7	7	0	0	0	0	0	0	0	0	0	0	0	0	3	3	4	4	3	3	2	4	26	28	29	27	6	3	11	1
70	1	2	1102	5	4	6	5	61.65	7.51	5.6	3.83	8.93	2.08	8.89	8.74	2.9	0.84	5.68	6.65	3	5	5	5	5	4	5	5	37	29	23	28	6	3	12.5166666666667	1
72	1	2	703	5	5	6	6	77.98	10	10	10	10	0	10	10	10	0	0	7.98	4	4	4	4	3	5	5	3	32	21	26	12	4	0	12.5166666666667	1
73	1	2	397	5	7	8	9	53.93	6.36	7.2	5.68	6.09	0	6.75	7.59	5.84	1.13	3.4	3.89	3	5	5	4	4	5	4	4	34	21	33	27	5	2	12.5333333333333	1
74	1	2	709	8	9	7	7	32.35	6.98	3.25	3.87	2.9	0	2.63	5.93	0	0	0	6.79	3	4	5	5	3	3	4	4	31	18	33	27	6	3	12.5666666666667	1
76	2	2	1151	7	9	6	7	0	0	0	0	0	0	0	0	0	0	0	0	5	5	5	5	5	5	5	5	40	17	24	13	6	2	12.5833333333333	1
77	1	2	949	8	9	8	8	82.7	9.63	10	10	10	3.11	8.46	3	6.83	3.42	8.25	10	2	3	1	5	2	4	3	2	22	26	23	20	6	3	12.6166666666667	1
80	2	2	438	7	9	6	7	64.26	6.34	5.95	6.19	8.62	1.46	7.98	6.38	7.84	2.78	3.56	7.16	5	5	5	5	2	5	4	4	35	20	31	19	6	2	12.6666666666667	1
81	1	2	447	6	7	7	6	52.06	8.09	3.31	5.14	7.24	1.4	5.76	6.38	5.35	0.62	4.3	4.47	4	5	4	5	3	3	4	3	31	23	23	11	6	3	12.6666666666667	1
82	1	2	1579	6	6	5	5	85.79	9.4	7.57	10	10	7.7	10	10	7.37	1.05	3.17	9.53	2	1	1	3	4	2	2	2	17	26	38	27	7	2	12.6666666666667	1
85	2	2	811	3	2	5	6	57.24	3.15	6.48	6.52	6.13	1.89	9.01	3.6	8.13	0	2.33	10	4	5	4	5	2	3	2	3	28	10	30	19	6	3	11.7	1
86	1	2	386	7	6	7	7	8.69	2.49	1.4	1.19	0.91	0	0	0	0	0	0	2.7	5	5	4	5	3	5	5	5	37	34	24	14	2	2	11.7333333333333	1
87	2	2	2688	8	7	8	6	78.42	6.23	10	2.33	10	3.7	9.73	7.18	10	3.81	9.16	6.28	3	4	1	2	3	2	4	3	22	30	33	26	5	0	12.7333333333333	1
88	2	2	628	7	10	9	9	58.09	7.78	4.32	4.86	5.97	2.35	5.41	6.69	5.51	3.17	5.1	6.93	3	3	3	4	3	3	3	3	25	21	33	23	5	2	12.7333333333333	1
89	2	2	689	5	5	6	5	53.28	7.67	0.02	9.13	9.57	0	8.6	7.59	9.9	0.8	0	0	4	4	4	5	4	4	4	4	33	21	23	15	3	2	12.7333333333333	1
90	1	2	599	10	10	7	7	110	10	10	10	10	10	10	10	10	10	10	10	3	4	4	4	4	3	4	4	30	41	37	18	5	3	12.7333333333333	1
91	2	2	659	7	8	5	6	69.74	7	6.44	2.51	7	8.19	6.79	7.94	2.55	8.54	5.72	7.06	4	3	4	4	2	3	5	4	29	23	12	18	3	0	12.7666666666667	1
92	1	2	496	10	10	8	8	77.67	10	10	10	10	2.53	10	10	7.49	0	0	7.65	3	4	4	5	3	5	5	2	31	19	20	15	5	2	9.76666666666667	1
93	1	2	462	5	4	6	7	110	10	10	10	10	10	10	10	10	10	10	10	2	3	2	4	4	4	3	3	25	27	28	20	6	2	11.8	1
94	2	2	602	3	6	5	5	65.25	10	6.32	7.3	8.42	0.02	9.24	6.91	8.89	0	0.04	8.11	2	5	5	5	5	4	5	5	36	19	32	20	6	3	12.75	1
95	1	2	831	5	2	5	4	15	0.68	1.98	0	1.98	0	6.5	0.25	0.95	2.33	0.33	0	3	3	3	5	2	1	3	4	24	33	34	31	1	2	11.8	1
96	1	2	483	6	7	6	6	14.26	1.09	0	1.13	2.12	1.54	2.47	0.64	1.87	1.3	1.3	0.8	2	3	4	3	3	2	3	2	22	27	28	30	2	1	9.8	1
98	1	2	1427	6	8	9	7	70.57	7.24	1.5	7.96	2.57	8.85	8.58	3.85	9.24	10	2.1	8.68	3	3	4	4	4	3	2	1	24	27	31	25	4	1	12.8333333333333	1
99	2	2	447	10	9	9	8	74.94	8.89	7.9	10	10	4.96	10	10	0	0	8.09	5.1	3	4	4	5	2	3	4	4	29	33	29	24	1	2	10	1
100	2	2	882	7	7	6	6	40	10	0	0	10	0	0	10	10	0	0	0	3	3	3	4	3	2	2	4	24	29	28	18	3	1	12.9666666666667	1
101	1	2	392	8	9	8	8	60	10	0	0	10	0	10	10	10	0	0	10	5	5	5	5	5	5	5	5	40	21	43	22	4	2	13	1
102	1	2	452	4	3	7	6	36.63	8.74	0.23	0.62	4.61	2.1	2.22	5.56	6.26	0.37	1.19	4.73	4	4	4	4	4	4	4	4	32	18	21	22	6	2	10	1
103	1	2	485	8	9	8	8	64.75	7.84	6.67	2.12	8.48	3.23	9.67	8.81	8.87	0.23	0.99	7.84	3	5	5	5	4	4	5	1	32	29	30	13	6	3	10.0333333333333	1
104	1	2	534	1	0	4	3	12.69	2.14	2.53	2.24	2.57	0.84	1.34	0.56	0.08	0	0.39	0	3	5	5	5	4	4	5	4	35	17	19	19	1	3	13.0666666666667	1
106	1	2	532	10	7	6	6	66.72	7.94	6.69	5.78	7.2	3.87	6.69	6.28	4.61	7.33	6.26	4.07	5	4	3	2	2	3	1	3	23	31	36	31	0	0	20	1
107	1	2	695	7	5	7	7	33.73	1.36	0	0	2.39	0	0	10	10	0	0	9.98	2	3	4	3	4	4	4	3	27	22	27	26	6	3	12.0666666666667	1
108	1	2	426	6	8	9	8	51.47	8.05	6.38	7.06	4.4	1.54	2.51	0.99	8.37	3.05	7.12	2	4	5	4	1	2	3	2	4	25	35	31	39	4	1	10.0833333333333	1
109	2	2	1023	3	3	6	5	36.07	6.93	0.37	2.92	6.32	0	5.74	4.14	5.72	0	3.93	0	4	3	3	5	1	3	3	1	23	21	19	11	0	1	13.1166666666667	1
110	1	2	285	3	4	6	6	62.02	5.86	3.56	5.95	7.08	7.82	1.79	3.46	7.2	8.91	2.28	8.11	1	5	2	2	5	5	3	2	25	24	22	25	7	3	13	1
111	2	2	1011	4	4	5	6	68.18	7.24	8.37	8.31	7.41	3.15	8.62	5.6	8.05	1.38	5.56	4.49	4	5	5	5	4	4	4	4	35	18	26	12	7	3	12.1666666666667	1
112	2	2	972	8	8	8	8	25.08	7.33	4.18	2.1	6.77	0	3.44	0.29	0	0	0	0.97	2	4	4	5	3	5	5	4	32	21	19	10	7	3	12.1666666666667	1
113	1	2	312	6	4	7	6	80.42	9.53	7.67	7.2	10	1.26	9.26	7.78	10	2.8	6.36	8.56	3	5	5	5	5	5	5	5	38	11	30	15	7	3	13	1
114	1	2	495	4	1	5	4	16.95	2.37	0	0	0.27	0	0	0.29	7.33	0.02	0	6.67	3	5	5	5	5	2	5	5	35	22	31	20	5	2	13.2666666666667	1
116	1	2	740	6	4	6	5	62.84	6.91	0	6.67	6.73	4.79	7.67	7.06	7.65	5.1	3.08	7.18	4	4	5	5	5	3	5	4	35	36	25	18	5	2	13.3	1
117	1	2	1657	8	7	5	5	18.38	0.02	1.36	3.11	3.91	0	1.01	2.16	0.51	0	0	6.3	4	5	4	4	4	3	4	3	31	22	33	16	2	3	10	1
118	1	2	1540	6	4	6	5	27.78	7.56	2.86	2.3	1.97	0.71	0.05	5.81	6.52	0	0	0	4	5	5	5	4	5	5	5	38	12	11	13	7	3	13.5	1
119	1	2	400	10	9	5	9	73.56	10	8.62	7.06	7.92	10	7.2	2.59	6.44	3.17	8.05	2.51	3	4	5	2	2	3	1	4	24	29	37	31	1	0	13	1
120	1	2	368	7	8	7	7	11.17	1.42	1.75	1.44	1.42	0	1.63	1.15	0.41	1.07	0.88	0	3	4	4	4	4	4	4	3	30	28	33	25	7	3	11.5	1
121	1	2	1818	3	2	5	6	76.53	10	5.88	7.47	8.02	7.35	9.14	5.68	7.86	2.02	5.23	7.88	3	4	4	3	3	4	4	4	29	22	30	20	6	3	13.6666666666667	1
122	2	2	283	4	4	4	4	34.07	7.53	0.97	0.99	9.16	1.26	0.93	6.63	6.17	0.12	0.1	0.21	3	5	5	5	3	5	5	3	34	22	35	9	7	2	12.9166666666667	1
124	2	2	422	8	7	8	7	12.89	2.2	0.58	2.2	2.37	0.91	1.11	0.37	1.87	0	0	1.28	3	4	4	4	4	4	4	3	30	15	25	15	6	3	12.0833333333333	1
125	2	2	643	8	7	7	5	0	0	0	0	0	0	0	0	0	0	0	0	3	4	3	5	5	5	5	4	34	22	16	11	6	2	14	1
126	2	2	669	3	4	7	6	69.87	8.25	9.38	8.97	10	2.04	7.41	6.95	8.83	0.16	6.75	1.13	4	5	5	5	3	3	5	2	32	19	24	16	3	3	13	1
127	1	2	640	9	9	7	7	0	0	0	0	0	0	0	0	0	0	0	0	5	5	5	5	3	3	3	4	33	29	31	17	6	2	14.3833333333333	1
128	2	2	369	7	5	7	7	11.44	0.29	0	0.19	2.88	0.06	0	2.84	5.1	0	0	0.08	3	4	4	4	2	3	4	3	27	20	24	21	4	3	11.0666666666667	1
129	2	2	369	8	9	8	8	70.09	8.85	6.89	7.43	4.44	6.48	6.95	2.55	7.08	7.1	6.13	6.19	4	5	3	2	2	3	1	5	25	27	37	29	1	0	9.16666666666667	1
132	2	2	484	5	4	7	7	72.84	6.5	7.41	7.72	7.06	5.11	6.95	5.11	7.24	6.52	6.21	7.01	2	5	4	5	5	3	5	4	33	26	22	18	4	1	12.2	1
133	2	2	799	7	8	9	9	55	3.46	5.8	2.43	7.12	1.48	3.66	7.76	6.28	9.22	6.19	1.6	5	2	4	5	3	5	4	5	33	32	32	23	3	3	12.2166666666667	1
134	1	2	458	6	3	7	7	39.05	10	3.27	2.26	4.24	1.38	6.21	2.04	2.49	0	0	7.16	5	5	5	5	5	5	5	5	40	14	30	18	6	3	12	1
135	2	2	653	6	6	6	6	52.81	7.08	6.81	6.38	7.08	2.74	2.98	5.78	6.23	1.21	2.22	4.3	2	3	4	4	2	3	4	2	24	19	25	25	3	3	10.3666666666667	1
136	1	2	461	6	7	6	5	98.18	9.75	9.86	9.78	10	8.74	9.8	5.96	9.14	5.15	10	10	4	4	5	5	3	5	5	4	35	12	23	20	5	3	11.4333333333333	1
137	1	2	478	3	4	9	9	66.25	5.41	8.79	9.14	6.65	4.14	9.63	4.12	7.65	0	3.58	7.14	5	5	5	5	5	4	5	5	39	12	32	15	7	3	9.45	1
138	1	2	898	7	8	7	8	89.9	7.63	3.68	10	8.37	6.91	8.87	8.64	10	7.53	8.27	10	5	5	5	5	3	4	4	5	36	23	30	19	5	2	12.5	1
139	2	2	537	7	7	7	7	54.72	0	10	8.02	3.31	0	7.3	8.58	10	0	0	7.51	3	4	4	4	3	2	4	4	28	18	34	28	5	1	12.4666666666667	1
140	1	2	505	6	6	6	5	51.26	2.2	6.05	7.57	6.15	0.74	7.47	6.93	5.88	0	0	8.27	3	5	5	4	4	5	5	4	35	23	31	25	6	3	12.5833333333333	1
141	1	2	309	4	4	5	4	59.19	5.86	6.13	6.93	4.57	5.6	5.7	4.03	5.91	4.09	6.11	4.26	2	2	1	3	1	3	3	5	20	29	27	27	1	0	9.61666666666667	1
142	1	2	1471	5	5	4	4	43.77	2.39	0	0	10	1.38	10	0	10	0	0	10	4	4	4	2	1	3	4	5	27	23	35	18	5	3	10.6833333333333	1
144	1	2	656	7	6	7	8	96.55	9.98	7.76	10	10	9.84	9.75	9.73	9.12	6.79	5.86	7.72	4	5	1	5	3	4	5	5	32	22	29	29	7	2	8.75	1
145	2	2	683	3	6	5	6	54.37	2.08	6.48	7.61	3.77	0.76	8.07	8.46	10	0	5.68	1.46	3	5	4	5	3	4	5	4	33	20	21	14	6	2	12.8166666666667	1
146	1	2	750	0	0	4	4	19.61	0	0	0	0	0	0	7.74	7.43	0	0	4.44	3	5	5	5	2	3	3	3	29	20	31	18	0	3	12.85	1
147	2	2	520	8	8	8	8	5.8	1.32	0	0	0.86	0	0	1.03	2.59	0	0	0	4	5	5	5	5	4	5	3	36	16	26	14	7	3	13.5333333333333	1
148	2	2	2378	5	5	6	6	34.4	3.97	1.36	4.3	3.27	0.21	3.97	5.88	5.16	1.19	1.28	3.81	3	4	3	4	2	2	2	4	24	31	29	24	6	2	13.6833333333333	1
149	1	2	459	9	8	8	8	74.64	10	4.51	5.47	7.08	5.8	6.71	7.12	8.35	8.11	7.72	3.77	4	5	4	3	1	2	3	3	25	34	34	21	4	0	12.7166666666667	1
